479284
465248
632867
794963
648434
253528
114842
381012
426121
173482
218137
406464
850719
713434
603881
437904
332260
508994
195036
534218
880545
424222
798459
96598
745573
97541
624314
68074
523589
79048
941777
184635
184790
295
142736
779785
637314
594149
823265
330275
287886
411317
312044
714590
685069
764586
659059
382573
988416
764325
124050
107238
112337
85643
661322
38838
762141
565933
992620
91355
111294
549137
345326
517025
774541
988078
668455
134752
95215
824149
703972
764432
400985
128773
406534
525389
413120
307978
314383
710582
374614
676485
465503
473661
250561
595460
724763
800097
517574
649537
120223
502940
427136
173331
641038
395104
576356
204622
769801
757621
797221
410306
295676
429730
896689
707994
718950
964412
933356
15955
861588
547396
353490
879364
699211
98216
864680
432812
907557
452521
152150
420418
758460
155251
899818
801670
946773
686074
27546
101329
634751
388517
528746
21955
874621
14679
486503
723069
265830
43735
118294
617160
741054
8831
164486
147309
250165
482920
83226
411353
73366
827037
97058
825890
488608
882912
331274
324280
709951
42729
781212
888414
574734
636975
599998
784306
664500
91938
161074
648525
545499
907056
873878
751274
53321
641833
624079
277987
309204
459224
869828
208016
206974
903790
125961
256474
971324
476578
665035
972373
774366
589351
895504
71315
208627
850990
585149
477266
767376
699889
492951
385736
26115
168191
139189
470783
17671
403905
598284
934663
133827
87393
705517
695694
240291
893181
525069
502821
360276
647158
740974
880150
357463
46185
849421
563712
986608
215026
941595
622387
285887
737324
441175
834111
849258
155949
822480
127429
659170
576719
80744
40551
868174
390531
468727
45418
455
242391
267639
813804
386009
740678
874016
937936
971757
9172
734521
60856
267267
133565
542500
775611
291811
300426
137943
515992
424587
437625
251153
498196
337672
640691
74117
226791
134600
257888
610038
90711
418087
622389
393272
977574
660083
102027
418657
935013
180837
138958
998835
975000
129363
856091
685281
331361
79929
114599
122769
63350
762334
255695
632190
907482
125021
804075
445839
773461
265060
190061
646819
26472
255334
132770
891849
835659
855516
534926
251801
543208
521381
37614
512317
782520
944004
831947
277083
408049
1316
475806
558805
552535
387087
951821
800547
306683
447450
725641
963162
740842
231563
835613
397598
16422
463929
845739
247481
54793
699509
590319
404223
310514
298893
115562
136436
2996
298983
158657
290341
540635
751999
210991
379044
38508
191872
147028
26109
179830
200491
686861
22273
267378
860210
359253
111796
512910
947611
269084
974875
511024
44196
438405
524006
12949
917611
876572
727888
973065
486995
637233
701007
139313
248592
457205
21697
791474
113786
578654
354639
904911
552985
574129
606625
799370
979206
834177
379716
742431
729661
426498
939589
214256
693574
677833
588502
913143
603415
13009
932352
494544
765207
650939
930151
229022
416004
636328
427918
416100
64051
912797
802629
424530
954398
412587
558421
578720
835177
606354
516629
479693
115956
971912
453148
246551
519676
970075
159596
1182
89196
209956
777026
963771
62052
538482
449635
60156
719252
96579
759621
991248
14926
25927
238882
711239
987025
594897
697631
272143
199617
448829
213214
772459
784442
173705
34112
832257
485984
917145
624824
527181
999131
218469
563180
887614
755629
460916
92546
92245
521901
914163
956866
210147
869682
660148
167765
293497
35892
37952
382362
483813
775461
876259
468205
495151
225949
959042
965868
630476
403935
528195
538851
621773
586914
396262
12666
813832
481827
933967
766381
308569
354642
456030
786895
676247
418202
599708
141118
540505
346999
338018
182221
352073
302961
579119
880460
619497
67968
371855
741667
221436
44249
622804
497317
567347
370007
555220
394007
786285
561890
176733
357399
443270
85702
2257
575638
74210
357801
755091
749845
43461
103105
196394
789914
458280
613928
465826
408366
194645
766677
612117
694672
23234
596985
444887
396759
881246
522307
563570
385275
864811
950321
699963
97598
357705
81855
576843
400044
611354
686797
383107
872965
158971
190378
206178
556488
599503
84440
769480
459109
66234
133421
702901
720456
900913
481604
255072
475666
269337
380699
350286
98080
782990
410280
559802
13075
725454
208693
87413
951586
869525
687226
458973
861498
600178
131417
597987
386429
366742
67316
577653
293106
885772
547599
877868
304407
172980
698798
947576
153931
731554
671750
318573
618239
948617
469080
380827
890703
656479
990964
694172
608688
667608
434311
919739
405539
195478
740211
415325
908177
367587
780839
718219
684963
752817
833745
463497
713100
195284
196945
697936
556217
797235
691526
291212
838159
914946
61200
444675
972030
757257
187672
303931
802610
386807
168707
189759
140145
143462
424841
196070
527764
466437
550778
105260
584644
71746
681769
346093
614816
750548
955521
757918
378964
155599
588231
508731
221276
849741
588922
871234
267260
898498
878464
419673
370523
35714
113822
614314
118233
347196
631152
419616
157132
971206
218156
584822
328600
853473
431912
100519
901501
72634
181017
557782
289208
935204
157461
520093
892533
315392
120060
335187
608712
641505
828139
923709
255336
437255
654214
480372
866721
533127
932939
498807
167935
849888
595216
914268
112155
101176
935301
305607
267835
164894
902858
975860
625237
449691
964857
729135
497091
325362
852360
673099
847638
923246
500100
978597
734897
107773
384512
223529
472161
898
925500
164939
949850
376429
182904
79884
33524
656491
391309
646507
818872
708089
212290
12148
419584
208020
930521
512114
711347
795873
465819
804358
109444
61016
275616
526595
543297
893737
738178
303425
687180
452843
492828
202511
52253
32682
823850
538463
101947
432755
68861
819613
990681
835719
217287
324890
495506
418959
275606
720356
338891
815266
746104
199848
146182
777945
901845
588491
292527
228929
709239
762051
721927
420266
378893
601503
561492
662161
752244
127558
538661
531766
534455
562560
925011
941161
633690
745346
888250
807791
28514
870425
980337
354780
478735
163745
992383
60388
684498
320947
511330
925177
657614
100334
196176
708571
32284
445460
342181
589630
864919
341871
610777
594892
556043
717791
579758
6316
134324
211371
840350
402734
771541
107720
169326
11293
796832
181996
208823
259000
386467
357490
835124
146205
575126
31960
344657
860099
847860
709940
895381
499485
447818
41802
419409
547091
675985
452188
314206
157121
9890
736567
491531
654169
519139
55946
614662
399670
261815
29287
23165
783351
418158
448197
872476
692251
938313
585987
188868
999235
600732
499469
914321
902018
262475
941633
313521
385289
104071
393451
370457
892284
690312
269589
390118
220777
718770
669383
584273
411764
398127
254943
691565
485728
384536
240760
129459
784174
248556
186994
995215
397784
446643
4799
985455
291683
518313
683956
732493
837296
6259
280220
92460
456234
950633
262146
88697
294957
32724
174990
339095
276712
773250
129041
303080
846540
996080
384044
792696
33352
151713
691662
768185
195634
112985
120886
240527
837466
999956
963639
898021
334908
351891
735266
771786
630783
683802
744798
328245
764426
187483
303076
869933
103446
916903
399483
310214
577520
511565
262073
698107
204240
622357
878653
649950
686715
504449
255726
995123
41919
391704
253794
500580
726445
541519
132659
53458
516396
495003
459523
604519
13412
161939
887563
566573
978416
314579
361244
349839
833177
147952
934042
280766
645425
549358
183713
658786
885271
665876
267761
343039
429956
630003
897451
171556
701066
72858
16607
642501
730361
137695
351522
673482
828519
241515
818634
398966
531930
173752
948747
518809
877192
58408
318452
196962
407735
998127
347635
619649
592392
350675
146922
363405
949648
102007
534492
175534
344146
833935
187442
120974
891980
640210
458436
687520
89056
518288
161829
350918
407707
529039
726027
565620
195231
820133
783177
584605
294653
388992
491744
909040
592045
584000
129270
2510
352203
62646
946350
70234
867163
530125
31724
70483
86315
256752
841135
482315
758496
835084
615837
179354
973139
988368
573989
219198
618818
840858
887953
677403
364266
354804
48119
38860
337939
817137
823479
558372
936364
9795
270553
952748
831606
980550
109420
388830
747488
71561
230429
715204
409684
119198
959042
657210
991426
860078
694639
837659
315034
971658
637159
827124
355645
643486
233926
247421
874505
269614
87691
167287
277727
154187
937629
770580
518714
153133
342776
484421
536599
506497
882322
946248
167438
342470
84688
609998
935768
574951
213257
315699
395621
150243
966946
8906
318523
166430
863739
908969
270160
91737
485998
59326
815524
267825
663065
753638
180574
463865
226926
691852
425635
986114
417707
714225
826443
74659
34958
628711
467060
995466
869211
101707
714171
117863
315277
780188
877177
183249
726014
793288
136722
599277
681121
575087
927755
874935
219764
400355
638241
100845
437475
349163
918752
64393
39196
59047
221498
205001
101128
922280
159551
862785
163887
37211
971762
595156
151447
396037
940684
901502
525119
943475
763310
911345
273930
507235
394655
652955
101161
85016
62381
104252
497123
578268
973887
928191
890863
449255
1172
33637
869520
293198
961806
653639
324329
651327
443057
892955
426990
405619
244505
586493
470590
761450
703334
161615
705642
785340
862717
527101
169285
376388
353039
858073
466392
385814
695680
836256
982215
789090
717006
552275
362486
607920
459728
302144
171870
498353
842651
500708
855951
792838
170505
315710
294761
569087
922094
513857
503001
338371
563402
795247
980999
876042
262922
505460
505849
126503
246848
319071
130657
235624
149315
362419
485388
267928
414686
606612
458320
929861
623178
433003
571652
559349
724273
381523
732688
214192
348684
747265
404695
959948
171674
744464
366859
329427
170284
232245
238960
185739
937623
856185
354199
266445
343789
393124
427138
676330
829486
135815
697648
628235
111861
489283
371753
495316
403397
658
891522
320381
183753
350285
530292
778273
432963
630785
247315
288011
408578
813806
686378
579952
66171
167116
508159
882541
723411
269600
644001
526647
798668
557314
435480
719072
234660
663499
516277
567063
807262
33525
546174
310854
777082
253069
519688
850273
251628
643264
4786
746712
956586
569735
248232
357547
645494
815577
228188
637263
659391
407387
8078
208764
455840
990575
752845
236207
111090
825365
302254
81438
348383
2091
325169
542286
101672
923202
709951
16407
792424
62802
849396
4194
218777
995879
434933
513260
77181
535839
537617
407709
569341
257673
443793
98429
73444
699721
748962
759357
317915
815865
305286
163866
190828
754923
727904
202353
23993
808661
406488
362749
153403
61352
983043
976369
761605
100123
913531
370148
497089
217425
121820
547866
116862
501772
982406
507804
769980
896680
303288
274239
180048
616394
929867
689641
628112
443638
487675
438871
158376
12193
647217
736049
586806
11551
419421
648907
429871
158413
291513
925944
781584
68200
533361
971659
886608
146060
659443
616359
556254
954119
367297
242140
626062
553224
931756
120227
860826
644630
520164
686248
95765
2558
849580
910253
866547
332157
429201
216769
671539
923055
756405
507615
204205
5074
368200
218358
463888
340101
187369
181647
665736
667579
441920
127221
871908
525517
923836
677446
658084
21573
658994
293398
243202
26892
626902
909238
197102
741926
582258
6347
958850
126497
410835
546727
814700
835938
598334
94860
658551
279260
278937
509946
936126
205153
235833
990100
762841
516575
913679
648049
614044
946403
105999
422512
888599
123308
340318
789152
388509
819643
113066
599275
266739
23901
935386
538299
866169
340766
337561
947052
858131
174486
219801
920269
626466
66526
216769
872359
700281
297068
866386
409000
142509
247610
716877
847313
128063
212417
373134
287003
645102
626858
459884
52585
563086
259366
423358
343035
151379
788395
66827
115190
452144
450221
279975
245384
869400
710833
925090
538063
899845
937508
962009
785671
840841
987798
459360
879451
326191
852156
495195
875367
73034
453090
889662
723936
285957
373282
366924
906250
788723
792225
940023
608151
657171
809682
218714
607984
236618
613635
899672
401649
175823
925437
393050
228856
153410
382908
335049
932315
527766
28039
981694
37045
344142
250312
631289
941093
995389
524973
134741
570102
821788
530454
330996
168891
48051
300176
614183
463415
340152
180186
924509
637103
798972
564623
286046
72647
819974
229549
435840
862480
590060
681899
41879
844112
484788
804535
118278
875808
121487
794023
129909
557514
331024
567701
687056
72308
810709
979284
976912
599972
59650
370073
44829
700648
428268
739176
131569
442294
211286
990848
629451
299148
517413
400387
909007
873477
453338
142548
131812
724505
686315
242652
973970
791689
275007
902525
729593
331445
54070
603468
480308
636681
313732
397134
927079
579684
834398
306790
50111
115258
873901
348503
454250
276346
579850
279906
119347
731042
539198
858994
985498
918234
354424
372554
698933
437694
251610
240392
112100
927209
950532
530653
457812
720934
78857
502067
652046
27082
886876
832229
969426
204691
517661
43830
828651
523732
460956
541176
89233
618957
812528
54612
323480
532235
447487
225908
639056
468737
279588
548231
792764
864682
718632
913505
763525
529875
268655
40633
331149
686916
247931
65380
859282
410065
896418
184049
421122
272720
605890
820190
862644
719193
410069
51855
319012
275303
50708
711470
315331
156414
38175
463920
459198
622104
624633
232290
643682
782117
250271
84545
852527
528981
440231
180234
305790
427710
268809
641228
945345
650237
713236
536606
610597
826874
333481
300135
17781
449461
818673
576753
503449
471987
94959
620620
389385
174958
576681
415559
594749
639052
681177
57186
409105
571853
816262
707443
506350
255822
847557
292562
733022
725007
859
277043
303260
290659
226423
617689
554452
113446
839712
536541
801385
701384
307220
995799
402780
66796
472237
794730
723751
623814
89993
967738
82277
440015
760042
454223
822121
360346
590912
243825
295705
143881
435653
653301
550872
